    subjectId activityId tBodyAcc-mean()-X tBodyAcc-mean()-Y tBodyAcc-mean()-Z tBodyAcc-std()-X
1           1          1         0.2773308      -0.017383819        -0.1111481      -0.28374026
31          1          2         0.2554617      -0.023953149        -0.0973020      -0.35470803
61          1          3         0.2891883      -0.009918505        -0.1075662       0.03003534
91          1          4         0.2612376      -0.001308288        -0.1045442      -0.97722901
121         1          5         0.2789176      -0.016137590        -0.1106018      -0.99575990
151         1          6         0.2215982      -0.040513953        -0.1132036      -0.92805647
2           2          1         0.2764266      -0.018594920        -0.1055004      -0.42364284
32          2          2         0.2471648      -0.021412113        -0.1525139      -0.30437641
62          2          3         0.2776153      -0.022661416        -0.1168129       0.04636668
92          2          4         0.2770874      -0.015687994        -0.1092183      -0.98682228
122         2          5         0.2779115      -0.018420827        -0.1059085      -0.98727189
152         2          6         0.2813734      -0.018158740        -0.1072456      -0.97405946
    tBodyAcc-std()-Y tBodyAcc-std()-Z tGravityAcc-mean()-X tGravityAcc-mean()-Y
1        0.114461337      -0.26002790            0.9352232           -0.2821650
31      -0.002320265      -0.01947924            0.8933511           -0.3621534
61      -0.031935943      -0.23043421            0.9318744           -0.2666103
91      -0.922618642      -0.93958629            0.8315099            0.2044116
121     -0.973190056      -0.97977588            0.9429520           -0.2729838
151     -0.836827406      -0.82606140           -0.2488818            0.7055498
2       -0.078091253      -0.42525752            0.9130173           -0.3466071
32       0.108027280      -0.11212102            0.7907174           -0.4162149
62       0.262881789      -0.10283791            0.8618313           -0.3257801
92      -0.950704499      -0.95982817            0.9404773           -0.1056300
122     -0.957304989      -0.94974185            0.8969286           -0.3700627
152     -0.980277399      -0.98423330           -0.5097542            0.7525366
    tGravityAcc-mean()-Z tGravityAcc-std()-X tGravityAcc-std()-Y tGravityAcc-std()-Z
1            -0.06810286          -0.9766096          -0.9713060          -0.9477172
31           -0.07540294          -0.9563670          -0.9528492          -0.9123794
61           -0.06211996          -0.9505598          -0.9370187          -0.8959397
91            0.33204370          -0.9684571          -0.9355171          -0.9490409
121           0.01349058          -0.9937630          -0.9812260          -0.9763241
151           0.44581772          -0.8968300          -0.9077200          -0.8523663
2             0.08472709          -0.9726932          -0.9721169          -0.9720728
32           -0.19588824          -0.9344077          -0.9237675          -0.8780041
62           -0.04388902          -0.9403618          -0.9400685          -0.9314383
92            0.19872677          -0.9799888          -0.9567503          -0.9544159
122           0.12974716          -0.9866858          -0.9741944          -0.9459271
152           0.64683488          -0.9590144          -0.9882119          -0.9842304
    tBodyAccJerk-mean()-X tBodyAccJerk-mean()-Y tBodyAccJerk-mean()-Z tBodyAccJerk-std()-X
1              0.07404163          0.0282721096          -0.004168406          -0.11361560
31             0.10137273          0.0194863076          -0.045562545          -0.44684389
61             0.05415532          0.0296504490          -0.010971973          -0.01228386
91             0.07748252         -0.0006191028          -0.003367792          -0.98643071
121            0.07537665          0.0079757309          -0.003685250          -0.99460454
151            0.08108653          0.0038382040           0.010834236          -0.95848211
2              0.06180807          0.0182492679           0.007895337          -0.27753046
32             0.07445078         -0.0097098551           0.019481439          -0.27612189
62             0.11004062         -0.0032795908          -0.020935168           0.14724914
92             0.07225644          0.0116954511           0.007605469          -0.98805585
122            0.07475886          0.0103291775          -0.008371588          -0.98108572
152            0.08259725          0.0122547885          -0.001802649          -0.98587217
    tBodyAccJerk-std()-Y tBodyAccJerk-std()-Z tBodyGyro-mean()-X tBodyGyro-mean()-Y
1             0.06700250           -0.5026998        -0.04183096       -0.069530046
31           -0.37827443           -0.7065935         0.05054938       -0.166170015
61           -0.10160139           -0.3457350        -0.03507819       -0.090937129
91           -0.98137197           -0.9879108        -0.04535006       -0.091924155
121          -0.98564873           -0.9922512        -0.02398773       -0.059397221
151          -0.92414927           -0.9548551        -0.01655309       -0.064486124
2            -0.01660224           -0.5860904        -0.05302582       -0.048238232
32           -0.18564895           -0.5737464        -0.05769126       -0.032088310
62            0.12682801           -0.3401220        -0.11594735       -0.004823292
92           -0.97798396           -0.9875182        -0.04547066       -0.059928680
122          -0.97105944           -0.9828414        -0.02386239       -0.082039658
152          -0.98317254           -0.9884420        -0.01847661       -0.111800825
    tBodyGyro-mean()-Z tBodyGyro-std()-X tBodyGyro-std()-Y tBodyGyro-std()-Z tBodyGyroJerk-mean()-X
1           0.08494482        -0.4735355      -0.054607769        -0.3442666            -0.08999754
31          0.05835955        -0.5448711       0.004105184        -0.5071687            -0.12223277
61          0.09008501        -0.4580305      -0.126349195        -0.1247025            -0.07395920
91          0.06293138        -0.9772113      -0.966473895        -0.9414259            -0.09367938
121         0.07480075        -0.9871919      -0.987734440        -0.9806456            -0.09960921
151         0.14868944        -0.8735439      -0.951090440        -0.9082847            -0.10727095
2           0.08283366        -0.5615503      -0.538453668        -0.4810855            -0.08188334
32          0.06883740        -0.4392531      -0.466298337        -0.1639958            -0.08288580
62          0.09717381        -0.3207892      -0.415739145        -0.2794184            -0.05810385
92          0.04122775        -0.9857420      -0.978919527        -0.9598037            -0.09363284
122         0.08783517        -0.9729986      -0.971441996        -0.9648567            -0.10556216
152         0.14488285        -0.9882752      -0.982291609        -0.9603066            -0.10197413
    tBodyGyroJerk-mean()-Y tBodyGyroJerk-mean()-Z tBodyGyroJerk-std()-X tBodyGyroJerk-std()-Y
1              -0.03984287            -0.04613093            -0.2074219            -0.3044685
31             -0.04214859            -0.04071255            -0.6147865            -0.6016967
61             -0.04399028            -0.02704611            -0.4870273            -0.2388248
91             -0.04021181            -0.04670263            -0.9917316            -0.9895181
121            -0.04406279            -0.04895055            -0.9929451            -0.9951379
151            -0.04151729            -0.07405012            -0.9186085            -0.9679072
2              -0.05382994            -0.05149392            -0.3895498            -0.6341404
32             -0.04240537            -0.04451575            -0.4648544            -0.6454913
62             -0.04214703            -0.07102298            -0.2439406            -0.4693967
92             -0.04156020            -0.04358510            -0.9897090            -0.9908896
122            -0.04224195            -0.05465395            -0.9793240            -0.9834473
152            -0.03585902            -0.07017830            -0.9932358            -0.9895675
    tBodyGyroJerk-std()-Z tBodyAccMag-mean() tBodyAccMag-std() tGravityAccMag-mean()
1              -0.4042555        -0.13697118       -0.21968865           -0.13697118
31             -0.6063320        -0.12992763       -0.32497093           -0.12992763
61             -0.2687615         0.02718829        0.01988435            0.02718829
91             -0.9879358        -0.94853679       -0.92707842           -0.94853679
121            -0.9921085        -0.98427821       -0.98194293           -0.98427821
151            -0.9577902        -0.84192915       -0.79514486           -0.84192915
2              -0.4354927        -0.29040759       -0.42254417           -0.29040759
32             -0.4675960        -0.10732268       -0.20597705           -0.10732268
62             -0.2182663         0.08995112        0.21558633            0.08995112
92             -0.9855423        -0.96789362       -0.95308144           -0.96789362
122            -0.9736101        -0.96587518       -0.95787497           -0.96587518
152            -0.9880358        -0.97743549       -0.97287391           -0.97743549
    tGravityAccMag-std() tBodyAccJerkMag-mean() tBodyAccJerkMag-std() tBodyGyroMag-mean()
1            -0.21968865           -0.141428809           -0.07447175         -0.16097955
31           -0.32497093           -0.466503446           -0.47899162         -0.12673559
61            0.01988435           -0.089447481           -0.02578772         -0.07574125
91           -0.92707842           -0.987364196           -0.98412002         -0.93089249
121          -0.98194293           -0.992367791           -0.99309621         -0.97649379
151          -0.79514486           -0.954396265           -0.92824563         -0.87475955
2            -0.42254417           -0.281424154           -0.16415099         -0.44654909
32           -0.20597705           -0.321268911           -0.21738939         -0.21971347
62            0.21558633            0.005655163            0.22961719         -0.16218859
92           -0.95308144           -0.986774713           -0.98447587         -0.94603509
122          -0.95787497           -0.980489077           -0.97667528         -0.96346634
152          -0.97287391           -0.987741696           -0.98551808         -0.95001157
    tBodyGyroMag-std() tBodyGyroJerkMag-mean() tBodyGyroJerkMag-std() fBodyAcc-mean()-X
1           -0.1869784              -0.2987037             -0.3253249       -0.20279431
31          -0.1486193              -0.5948829             -0.6485530       -0.40432178
61          -0.2257244              -0.2954638             -0.3065106        0.03822918
91          -0.9345318              -0.9919763             -0.9883087       -0.97964124
121         -0.9786900              -0.9949668             -0.9947332       -0.99524993
151         -0.8190102              -0.9634610             -0.9358410       -0.93909905
2           -0.5530199              -0.5479120             -0.5577982       -0.34604816
32          -0.3775322              -0.5728164             -0.5972917       -0.26672093
62          -0.2748441              -0.4108727             -0.3431879        0.11284116
92          -0.9613136              -0.9910815             -0.9895949       -0.98580384
122         -0.9539434              -0.9839519             -0.9772044       -0.98394674
152         -0.9611641              -0.9917671             -0.9897181       -0.97672506
    fBodyAcc-mean()-Y fBodyAcc-mean()-Z fBodyAcc-std()-X fBodyAcc-std()-Y fBodyAcc-std()-Z
1         0.089712726        -0.3315601      -0.31913472       0.05604001      -0.27968675
31       -0.190976721        -0.4333497      -0.33742819       0.02176951       0.08595655
61        0.001549908        -0.2255745       0.02433084      -0.11296374      -0.29792789
91       -0.944084550        -0.9591849      -0.97641231      -0.91727501      -0.93446956
121      -0.977070848        -0.9852971      -0.99602835      -0.97229310      -0.97793726
151      -0.867065205        -0.8826669      -0.92443743      -0.83362556      -0.81289156
2        -0.021904810        -0.4538064      -0.45765138      -0.16921969      -0.45522215
32        0.009924459        -0.2810020      -0.32058241       0.08488028      -0.09454498
62        0.278345042        -0.1312908       0.01610462       0.17197397      -0.16203289
92       -0.957343498        -0.9701622      -0.98736209      -0.95007375      -0.95686286
122      -0.959871697        -0.9624712      -0.98905647      -0.95790884      -0.94643358
152      -0.979800878        -0.9843810      -0.97324648      -0.98102511      -0.98479218
    fBodyAcc-meanFreq()-X fBodyAcc-meanFreq()-Y fBodyAcc-meanFreq()-Z fBodyAccJerk-mean()-X
1             -0.20754837            0.11309365            0.04972652           -0.17054696
31            -0.41873500           -0.16069721           -0.52011479           -0.47987525
61            -0.30739520            0.06322008            0.29432270           -0.02766387
91            -0.04951360            0.07594608            0.23882987           -0.98659702
121            0.08651536            0.11747895            0.24485859           -0.99463080
151           -0.15879267            0.09753484            0.08943766           -0.95707388
2             -0.14579549            0.19858647            0.06889952           -0.30461532
32            -0.28174801           -0.06188945           -0.23658909           -0.25863944
62            -0.27371161            0.01193096            0.09036785            0.13812068
92             0.08519282            0.15019396            0.09606468           -0.98784879
122            0.10851918            0.06233781            0.10446250           -0.98097324
152           -0.14648279            0.25728947            0.40253255           -0.98581363
    fBodyAccJerk-mean()-Y fBodyAccJerk-mean()-Z fBodyAccJerk-std()-X fBodyAccJerk-std()-Y
1             -0.03522552            -0.4689992          -0.13358661           0.10673986
31            -0.41344459            -0.6854744          -0.46190703          -0.38177707
61            -0.12866716            -0.2883347          -0.08632790          -0.13458001
91            -0.98157947            -0.9860531          -0.98749299          -0.98251391
121           -0.98541870            -0.9907522          -0.99507376          -0.98701823
151           -0.92246261            -0.9480609          -0.96416071          -0.93221787
2             -0.07876408            -0.5549567          -0.31431306          -0.01533295
32            -0.18784213            -0.5227281          -0.36541544          -0.24355415
62             0.09620916            -0.2714987           0.04995906           0.08083335
92            -0.97713970            -0.9851291          -0.98945911          -0.98080423
122           -0.97085134            -0.9797752          -0.98300792          -0.97352024
152           -0.98276825            -0.9861971          -0.98725026          -0.98498739
    fBodyAccJerk-std()-Z fBodyAccJerk-meanFreq()-X fBodyAccJerk-meanFreq()-Y
1             -0.5347134               -0.20926197               -0.38623714
31            -0.7260402               -0.37702313               -0.50949553
61            -0.4017215               -0.25316434               -0.33758970
91            -0.9883392                0.25661082                0.04754378
121           -0.9923498                0.31418294                0.03916190
151           -0.9605870                0.13241909                0.02451362
2             -0.6158982               -0.07271016               -0.26357402
32            -0.6250910               -0.04911429               -0.28768889
62            -0.4082274               -0.14389815               -0.35751450
92            -0.9885708                0.30554682                0.02624486
122           -0.9845999                0.33144928               -0.05693683
152           -0.9893454                0.15980833                0.12120642
    fBodyAccJerk-meanFreq()-Z fBodyGyro-mean()-X fBodyGyro-mean()-Y fBodyGyro-mean()-Z
1                -0.185530281         -0.3390322        -0.10305942        -0.25594094
31               -0.551104284         -0.4926117        -0.31947461        -0.45359721
61                0.009372239         -0.3524496        -0.05570225        -0.03186943
91                0.092392003         -0.9761615        -0.97583859        -0.95131554
121               0.138581479         -0.9863868        -0.98898446        -0.98077312
151               0.024387945         -0.8502492        -0.95219149        -0.90930272
2                -0.254846439         -0.4297135        -0.55477211        -0.39665991
32               -0.374218485         -0.3316436        -0.48808612        -0.24860112
62               -0.234703932         -0.1457760        -0.36191382        -0.08749447
92                0.092903063         -0.9826214        -0.98210092        -0.95981482
122               0.039649818         -0.9670371        -0.97257615        -0.96062770
152               0.190558218         -0.9864311        -0.98332164        -0.96267189
    fBodyGyro-std()-X fBodyGyro-std()-Y fBodyGyro-std()-Z fBodyGyro-meanFreq()-X
1          -0.5166919       -0.03350816        -0.4365622            0.014784499
31         -0.5658925        0.15153891        -0.5717078           -0.187450248
61         -0.4954225       -0.18141473        -0.2384436           -0.100453729
91         -0.9779042       -0.96234504        -0.9439178            0.189153021
121        -0.9874971       -0.98710773        -0.9823453           -0.120293021
151        -0.8822965       -0.95123205        -0.9165825           -0.003546796
2          -0.6040530       -0.53304695        -0.5598566            0.007279680
32         -0.4763588       -0.45975849        -0.2180725           -0.115324434
62         -0.3794367       -0.45873275        -0.4229877           -0.037529802
92         -0.9868085       -0.97735619        -0.9635227            0.130523121
122        -0.9749881       -0.97103605        -0.9697543           -0.107416045
152        -0.9888607       -0.98191062        -0.9631742            0.102611319
    fBodyGyro-meanFreq()-Y fBodyGyro-meanFreq()-Z fBodyAccMag-mean() fBodyAccMag-std()
1              -0.06577462           0.0007733216        -0.12862345       -0.39803259
31             -0.47357479          -0.1333739043        -0.35239594       -0.41626010
61              0.08255115          -0.0756762068         0.09658453       -0.18653030
91              0.06312707          -0.0297839207        -0.94778292       -0.92844480
121            -0.04471920           0.1006076351        -0.98535636       -0.98231380
151            -0.09152913           0.0104581257        -0.86176765       -0.79830094
2              -0.04270093           0.1397521153        -0.32428943       -0.57710521
32             -0.13035785          -0.0773418117        -0.14531854       -0.36672824
62              0.07708946           0.1367749584         0.29342483       -0.02147879
92             -0.19214274           0.0409472349        -0.96127375       -0.95557560
122            -0.17116037           0.0002268106        -0.96405217       -0.96051938
152             0.04228067           0.0552985986        -0.97511020       -0.97512139
    fBodyAccMag-meanFreq() fBodyBodyAccJerkMag-mean() fBodyBodyAccJerkMag-std()
1               0.19064372                -0.05711940                -0.1034924
31             -0.09774335                -0.44265216                -0.5330599
61              0.11918714                 0.02621849                -0.1040523
91              0.23665501                -0.98526213                -0.9816062
121             0.28455529                -0.99254248                -0.9925360
151             0.08640856                -0.93330036                -0.9218040
2               0.39320621                -0.16906435                -0.1640920
32              0.10768040                -0.18951114                -0.2604238
62              0.09383213                 0.22224741                 0.2274807
92              0.13093420                -0.98387470                -0.9841242
122             0.11964996                -0.97706530                -0.9751605
152             0.26629821                -0.98537411                -0.9845685
    fBodyBodyAccJerkMag-meanFreq() fBodyBodyGyroMag-mean() fBodyBodyGyroMag-std()
1                       0.09382218              -0.1992526             -0.3210180
31                      0.08535241              -0.3259615             -0.1829855
61                      0.07649155              -0.1857203             -0.3983504
91                      0.35185220              -0.9584356             -0.9321984
121                     0.42222010              -0.9846176             -0.9784661
151                     0.26639115              -0.8621902             -0.8243194
2                       0.20750093              -0.5307048             -0.6517928
32                     -0.01191682              -0.4506122             -0.4386204
62                      0.01883551              -0.3208385             -0.3725768
92                      0.28006242              -0.9718406             -0.9613857
122                     0.30487187              -0.9617759             -0.9567887
152                     0.34175857              -0.9721130             -0.9610984
    fBodyBodyGyroMag-meanFreq() fBodyBodyGyroJerkMag-mean() fBodyBodyGyroJerkMag-std()
1                  0.2688443675                  -0.3193086                 -0.3816019
31                -0.2193033761                  -0.6346651                 -0.6939305
61                 0.3496138955                  -0.2819634                 -0.3919199
91                -0.0002621867                  -0.9897975                 -0.9870496
121               -0.0286057725                  -0.9948154                 -0.9946711
151               -0.1397750127                  -0.9423669                 -0.9326607
2                  0.3052838253                  -0.5832493                 -0.5581046
32                -0.0227527690                  -0.6007985                 -0.6218202
62                 0.1039712417                  -0.3801753                 -0.3436990
92                -0.1063589092                  -0.9898620                 -0.9896329
122               -0.0661266046                  -0.9778498                 -0.9777543
152                0.0185644722                  -0.9902487                 -0.9894927
    fBodyBodyGyroJerkMag-meanFreq() activityType
1                        0.19066345            4
31                       0.11427734            6
61                       0.19000071            5
91                       0.18477593            2
121                      0.33449873            3
151                      0.17648591            1
2                        0.12634461            4
32                       0.04674340            6
62                      -0.05124796            5
92                       0.19472215            2
122                      0.16066282            3
152                      0.26480151            1
